Rodando com 1 processo(s)
431.781
1862.500
372.804
365.151
392.584
391.598
370.730
354.915
393.709
383.350

Rodando com 2 processo(s)
225.975
204.344
156.315
230.567
193.996
226.063
203.264
210.818
205.350
167.162

Rodando com 3 processo(s)
167.732
170.038
181.006
168.248
172.551
182.140
155.259
165.400
175.690
139.224

Rodando com 4 processo(s)
151.130
143.748
167.855
130.965
173.135
161.218
168.860
166.315
152.486
144.867

Rodando com 5 processo(s)
153.957
149.328
153.504
168.253
148.591
139.461
151.315
155.080
162.519
157.060

Rodando com 6 processo(s)
151.063
158.441
164.977
150.331
150.980
155.083
139.896
142.058
160.857
146.420

Rodando com 7 processo(s)
152.359
159.547
155.533
167.888
143.782
160.772
163.535
145.433
138.921
163.919

Rodando com 8 processo(s)
153.161
161.887
159.520
144.740
161.319
166.246
152.856
151.112
157.325
150.445

