Rodando com 1 processo(s)
378.978
314.663
351.598
365.631
338.839
330.418
380.162
362.604
293.344
310.850

Rodando com 2 processo(s)
213.389
197.300
211.672
168.666
186.774
210.616
206.757
196.100
211.894
214.503

Rodando com 3 processo(s)
150.243
135.388
149.007
135.137
162.199
142.448
171.329
161.435
153.788
156.453

Rodando com 4 processo(s)
133.929
338.562
137.216
141.814
127.310
141.308
135.285
141.036
146.165
131.755

Rodando com 5 processo(s)
138.442
92.086
119.305
130.152
120.061
133.818
115.654
136.876
130.751
120.968

Rodando com 6 processo(s)
126.849
134.290
117.052
266.789
126.233
125.161
116.873
121.045
126.097
127.630

Rodando com 7 processo(s)
127.406
123.840
137.134
127.582
120.709
117.934
131.742
123.191
124.868
135.688

Rodando com 8 processo(s)
128.486
120.647
119.098
129.533
131.354
136.364
130.248
136.347
130.325
121.305

