Rodando com 1 processo(s)
441.146
314.803
358.290
372.271
417.670
455.505
404.248
418.714
472.437
423.870

Rodando com 2 processo(s)
265.754
264.342
252.214
234.868
256.586
218.939
235.219
260.520
959.618
242.208

Rodando com 3 processo(s)
161.639
186.583
180.529
202.031
191.344
206.638
195.238
140.138
162.772
163.048

Rodando com 4 processo(s)
155.858
186.171
179.735
170.783
158.615
189.495
169.181
182.631
166.865
154.214

Rodando com 5 processo(s)
204.210
187.301
207.209
189.439
265.833
204.799
184.310
197.086
201.668
205.033

Rodando com 6 processo(s)
195.203
212.446
197.055
195.205
204.775
203.868
187.281
176.274
209.568
185.255

Rodando com 7 processo(s)
180.120
190.919
208.756
195.140
189.613
171.608
176.424
762.132
178.619
165.359

Rodando com 8 processo(s)
217.102
214.052
204.193
199.812
183.698
175.613
204.618
202.135
204.994
208.296

